Piximage_point
404.139 853.333
468.309 623.957
-1 -1
-1 -1
449.195 753.664
251.221 551.595
Xspot_matrix4d_Lat_Tibia
0.109376 -0.804718 0.583579 64.1418 
0.171908 -0.56285 -0.808588 -162.885 
0.978897 0.188671 0.0767367 -60.4935 
0 0 0 1 
tiptopatXspot_Lat_Tibia
0.947006 -0.20689 -0.245915 -183.862 
0.0138516 0.791104 -0.611662 -40.8894 
0.321026 0.575711 0.751814 -33.5511 
0 0 0 1 
transparams_Tibia_Lat
5.59477 -2.44651 -0.573117 412.715 0.000434509 0.000142457 0.00139626 -1.79296 -5.21166 2.86219 217.304 