Piximage_point
420.952 592.52
340.002 823.808
506.859 803.983
393.78 777.746
191.017 662.289
Xspot_matrix4d_Lat_Femur
0.0339638 0.851141 -0.523838 -39.8447 
-0.134601 -0.515469 -0.846271 -167.209 
-0.990318 0.0992516 0.0970571 -37.1418 
0 0 0 1 
tiptopatXspot_Lat_Femur
-0.379509 -0.396495 -0.835922 -43.25 
0.873772 -0.450609 -0.18296 95.1283 
-0.304131 -0.79984 0.517456 -17.8914 
0 0 0 0 
transparams_Femur_Lat
-1.59141 5.52266 -0.764583 791.113 -0.00052569 -0.000166835 -0.000957337 -5.79684 -1.38816 0.568537 505.419 