Piximage_point
535.892 217.199
595.966 591.164
546.405 401.929
792.711 443.981
Xspot_matrix4d_AP_Tibia
0.207788 -0.200939 -0.957313 27.7955 
-0.163721 0.957723 -0.236562 34.6021 
0.964375 0.205886 0.166105 180.935 
0 0 0 1 
tiptopatXspot_AP_Tibia
-0.392622 -0.558951 -0.730357 -45.4102 
0.856377 -0.511759 -0.0687119 92.2221 
-0.33536 -0.652439 0.679601 -22.3576 
0 0 0 1 
transparams_Tibia_AP
-0.395232 6.1911 -0.187923 786.312 0.00169489 0.000114945 1.7736e-05 -0.139873 -0.430277 -6.07924 798.968 