Piximage_point
293.547 266.24
561.152 315.392
395.947 136.533
377.46 254.97
280.204 507.803
Xspot_matrix4d_Lat_Femur
0.73571 -0.115129 -0.667351 259.483 
0.295236 0.941341 0.163081 -55.6522 
0.609465 -0.317025 0.726587 15.4672 
0 0 0 1 
tiptopatXspot_Lat_Femur
-0.496457 0.531928 -0.6859 257.535 
-0.664207 -0.741495 -0.0942869 267.505 
-0.55878 0.408796 0.721476 -23.2407 
0 0 0 1 
transparams_Femur_Lat
4.73935 1.36116 -2.31988 -1215.3 -0.00040469 0.000832832 -0.000534494 0.795015 4.04811 3.69748 497.78 