Piximage_point
496.981 150.187
509.269 479.232
364.544 315.392
388.442 386.602
187.517 274.407
Xspot_matrix4d_AP_Femur
-0.84806 0.492848 -0.195242 257.286 
-0.00290192 -0.372655 -0.928086 -75.9417 
-0.530104 -0.786418 0.317429 -72.9651 
0 0 0 1 
tiptopatXspot_AP_Femur
-0.170561 -0.826264 -0.536824 306.05 
0.831526 0.171591 -0.528303 -101.845 
0.528636 -0.536495 0.657799 -188.047 
0 0 0 1 
transparams_Femur_AP
3.59087 4.36349 3.18148 -399.732 0.000391307 -0.000857164 0.00113491 5.30064 -2.25726 -2.76512 -1269.25 