Piximage_point
-1 -1
-1 -1
-1 -1
-1 -1
277.163 416.427
469.675 582.997
Xspot_matrix4d_Lat_Tibia
0.939113 0.336995 0.0670955 104.915 
-0.219944 0.739575 -0.636124 -164.105 
-0.263993 0.582635 0.768664 -74.8132 
0 0 0 1 
tiptopatXspot_Lat_Tibia
-0.999912 -0.0131394 -0.00181381 -15.4479 
0.0131209 -0.999865 0.00985495 46.3679 
-0.00194303 0.00983029 0.99995 -29.0739 
0 0 0 1 
transparams_Tibia_Lat
0.0620322 5.75957 -2.99919 1089.97 0.00148703 0.000431594 -0.000805922 -0.452409 -2.4102 -5.66091 573.598 