Piximage_point
448.609 674.398
404.918 909.236
574.22 854.622
463.628 860.084
197.388 779.529
Xspot_matrix4d_Lat_Femur
-0.114465 0.860536 -0.496362 -54.8157 
-0.164015 -0.509159 -0.8449 -142.344 
-0.979794 -0.0153003 0.199422 -27.7004 
0 0 0 1 
tiptopatXspot_Lat_Femur
-0.266185 -0.963109 -0.0395719 -17.461 
0.963892 -0.266276 -0.00307019 193.243 
-0.0075801 -0.0389603 0.999212 46.0954 
0 0 0 1 
transparams_Femur_Lat
-2.76207 5.42788 -0.404433 642.629 -0.00049043 -0.000774457 -0.00105228 -5.539 -2.7616 1.765 498.489 