Piximage_point
652.933 760.712
619.892 403.869
633.109 582.291
867.7 491.428
Xspot_matrix4d_AP_Tibia
0.00944729 0.452933 -0.891494 -25.5625 
0.0210346 -0.891427 -0.452676 128.118 
-0.999734 -0.0144756 -0.0179488 -26.1809 
0 0 0 1 
tiptopatXspot_AP_Tibia
-0.268235 -0.962462 -0.0414379 -17.9995 
0.963222 -0.268662 0.004998 193.446 
-0.0159432 -0.0385732 0.999129 44.3861 
0 0 0 1 
transparams_Tibia_AP
-0.32239 6.0541 -0.256128 708.587 0.0015927 0.00024217 -0.000384601 -1.23288 -0.380154 -5.77249 890.025 