Piximage_point
707.243 624.64
720.759 372.326
564.565 495.479
618.633 445.918
348.297 466.944
Xspot_matrix4d_AP_Femur
-0.077343 0.855665 -0.511718 -54.1188 
-0.163201 -0.517198 -0.840162 -143.058 
-0.983557 0.0185323 0.179647 -28.6651 
0 0 0 1 
tiptopatXspot_AP_Femur
-0.264791 -0.963816 -0.0307207 -17.6887 
0.964125 -0.265224 0.0109116 192.943 
-0.0186646 -0.0267293 0.999468 44.312 
0 0 0 1 
transparams_Femur_AP
-2.46626 5.21659 0.627222 689.91 0.00119568 0.000588152 -0.000448266 -1.54044 -0.165559 -5.56647 803.259 