Piximage_point
641.934 869.818
569.971 549.981
709.899 480.016
757.875 797.855
587.961 719.894
819.844 496.008
Xspot_matrix4d_Lat_Tibia
0.00322651 0.456557 -0.889688 -25.73 
0.0340183 -0.889228 -0.456198 128.839 
-0.999416 -0.0287937 -0.0184004 -24.5972 
0 0 0 1 
tiptopatXspot_Lat_Tibia
-0.265135 -0.963473 -0.0377321 -17.3274 
0.964197 -0.265139 -0.00499594 193.123 
-0.00519079 -0.0377058 0.999275 46.5919 
0 0 0 1 
transparams_Tibia_Lat
-2.62179 5.4677 -0.54091 637.723 -0.000346572 -0.000306064 -0.00137997 -5.37142 -2.56049 1.66383 490.535 